4598 1901 04AE53
4599 1902 0A5748
4600 1903 5526BD
4601 1904 0D2650
4602 1905 0D9544
4603 1906 46AAB9
4604 1907 056A4D
4605 1908 09AD42
4606 1909 24AEB6
4607 1910 04AE4A
4608 1911 6A4DBE
4609 1912 0A4D52
4610 1913 0D2546
4611 1914 5D52BA
4612 1915 0B544E
4613 1916 0D6A43
4614 1917 296D37
4615 1918 095B4B
4616 1919 749BC1
4617 1920 049754
4618 1921 0A4B48
4619 1922 5B25BC
4620 1923 06A550
4621 1924 06D445
4622 1925 4ADAB8
4623 1926 02B64D
4624 1927 095742
4625 1928 2497B7
4626 1929 04974A
4627 1930 664B3E
4628 1931 0D4A51
4629 1932 0EA546
4630 1933 56D4BA
4631 1934 05AD4E
4632 1935 02B644
4633 1936 393738
4634 1937 092E4B
4635 1938 7C96BF
4636 1939 0C9553
4637 1940 0D4A48
4638 1941 6DA53B
4639 1942 0B554F
4640 1943 056A45
4641 1944 4AADB9
4642 1945 025D4D
4643 1946 092D42
4644 1947 2C95B6
4645 1948 0A954A
4646 1949 7B4ABD
4647 1950 06CA51
4648 1951 0B5546
4649 1952 555ABB
4650 1953 04DA4E
4651 1954 0A5B43
4652 1955 352BB8
4653 1956 052B4C
4654 1957 8A953F
4655 1958 0E9552
4656 1959 06AA48
4657 1960 7AD53C
4658 1961 0AB54F
4659 1962 04B645
4660 1963 4A5739
4661 1964 0A574D
4662 1965 052642
4663 1966 3E9335
4664 1967 0D9549
4665 1968 75AABE
4666 1969 056A51
4667 1970 096D46
4668 1971 54AEBB
4669 1972 04AD4F
4670 1973 0A4D43
4671 1974 4D26B7
4672 1975 0D254B
4673 1976 8D52BF
4674 1977 0B5452
4675 1978 0B6A47
4676 1979 696D3C
4677 1980 095B50
4678 1981 049B45
4679 1982 4A4BB9
4680 1983 0A4B4D
4681 1984 AB25C2
4682 1985 06A554
4683 1986 06D449
4684 1987 6ADA3D
4685 1988 0AB651
4686 1989 093746
4687 1990 5497BB
4688 1991 04974F
4689 1992 064B44
4690 1993 36A537
4691 1994 0EA54A
4692 1995 86B2BF
4693 1996 05AC53
4694 1997 0AB647
4695 1998 5936BC
4696 1999 092E50
4697 2000 0C9645
4698 2001 4D4AB8
4699 2002 0D4A4C
4700 2003 0DA541
4701 2004 25AAB6
4702 2005 056A49
4703 2006 7AADBD
4704 2007 025D52
4705 2008 092D47
4706 2009 5C95BA
4707 2010 0A954E
4708 2011 0B4A43
4709 2012 4B5537
4710 2013 0AD54A
4711 2014 955ABF
4712 2015 04BA53
4713 2016 0A5B48
4714 2017 652BBC
4715 2018 052B50
4716 2019 0A9345
4717 2020 474AB9
4718 2021 06AA4C
4719 2022 0AD541
4720 2023 24DAB6
4721 2024 04B64A
4722 2025 69573D
4723 2026 0A4E51
4724 2027 0D2646
4725 2028 5E933A
4726 2029 0D534D
4727 2030 05AA43
4728 2031 36B537
4729 2032 096D4B
4730 2033 B4AEBF
4731 2034 04AD53
4732 2035 0A4D48
4733 2036 6D25BC
4734 2037 0D254F
4735 2038 0D5244
4736 2039 5DAA38
4737 2040 0B5A4C
4738 2041 056D41
4739 2042 24ADB6
4740 2043 049B4A
4741 2044 7A4BBE
4742 2045 0A4B51
4743 2046 0AA546
4744 2047 5B52BA
4745 2048 06D24E
4746 2049 0ADA42
4747 2050 355B37
4748 2051 09374B
4749 2052 8497C1
4750 2053 049753
4751 2054 064B48
4752 2055 66A53C
4753 2056 0EA54F
4754 2057 06B244
4755 2058 4AB638
4756 2059 0AAE4C
4757 2060 092E42
4758 2061 3C9735
4759 2062 0C9649
4760 2063 7D4ABD
4761 2064 0D4A51
4762 2065 0DA545
4763 2066 55AABA
4764 2067 056A4E
4765 2068 0A6D43
4766 2069 452EB7
4767 2070 052D4B
4768 2071 8A95BF
4769 2072 0A9553
4770 2073 0B4A47
4771 2074 6B553B
4772 2075 0AD54F
4773 2076 055A45
4774 2077 4A5D38
4775 2078 0A5B4C
4776 2079 052B42
4777 2080 3A93B6
4778 2081 069349
4779 2082 7729BD
4780 2083 06AA51
4781 2084 0AD546
4782 2085 54DABA
4783 2086 04B64E
4784 2087 0A5743
4785 2088 452738
4786 2089 0D264A
4787 2090 8E933E
4788 2091 0D5252
4789 2092 0DAA47
4790 2093 66B53B
4791 2094 056D4F
4792 2095 04AE45
4793 2096 4A4EB9
4794 2097 0A4D4C
4795 2098 0D1541
4796 2099 2D92B5
